	sbox version 0
s_box 0
[[4, 12, 11, 14, 7, 10, 0, 8, 1, 13, 2, 3, 5, 15, 9, 6], [13, 10, 5, 8, 6, 3, 14, 4, 15, 12, 1, 2, 9, 7, 11, 0], [3, 4, 2, 0, 6, 7, 12, 11, 14, 13, 8, 15, 10, 1, 9, 5], [4, 13, 5, 3, 8, 14, 12, 1, 2, 0, 15, 11, 10, 9, 6, 7]]
s_box 1
[[5, 6, 13, 3, 0, 2, 4, 8, 12, 9, 15, 7, 1, 14, 10, 11], [7, 10, 8, 1, 4, 2, 14, 5, 11, 3, 15, 12, 9, 13, 6, 0], [2, 12, 7, 5, 15, 4, 1, 8, 9, 6, 11, 13, 3, 10, 14, 0], [4, 8, 0, 9, 7, 12, 5, 2, 14, 13, 1, 11, 6, 15, 10, 3]]
s_box 2
[[6, 7, 4, 10, 0, 1, 15, 8, 5, 9, 13, 2, 14, 12, 3, 11], [2, 12, 0, 4, 11, 1, 15, 8, 7, 6, 3, 5, 9, 13, 14, 10], [5, 11, 9, 12, 15, 8, 7, 13, 3, 2, 14, 1, 6, 4, 0, 10], [12, 3, 10, 7, 11, 8, 14, 15, 5, 4, 6, 9, 2, 1, 0, 13]]
s_box 3
[[5, 3, 9, 7, 15, 4, 10, 1, 6, 14, 13, 0, 8, 12, 11, 2], [7, 13, 6, 11, 8, 3, 1, 0, 12, 15, 2, 5, 10, 4, 9, 14], [7, 3, 8, 4, 14, 6, 13, 2, 12, 15, 5, 11, 0, 9, 1, 10], [14, 7, 11, 4, 3, 0, 10, 13, 5, 15, 9, 2, 1, 6, 12, 8]]
s_box 4
[[10, 0, 3, 2, 5, 7, 6, 11, 15, 12, 8, 13, 4, 9, 14, 1], [14, 6, 11, 10, 13, 7, 5, 3, 2, 12, 9, 4, 1, 8, 0, 15], [3, 8, 0, 14, 9, 11, 4, 15, 6, 5, 10, 12, 13, 7, 1, 2], [5, 10, 14, 0, 1, 11, 15, 6, 2, 12, 8, 9, 13, 4, 7, 3]]
s_box 5
[[7, 4, 13, 8, 2, 0, 3, 1, 14, 6, 10, 11, 12, 5, 15, 9], [4, 8, 15, 0, 13, 5, 6, 14, 1, 7, 3, 10, 12, 2, 9, 11], [0, 12, 2, 11, 15, 6, 4, 9, 5, 7, 8, 3, 13, 10, 1, 14], [11, 3, 0, 15, 7, 5, 2, 9, 8, 14, 1, 10, 6, 12, 13, 4]]
s_box 6
[[13, 5, 4, 12, 14, 10, 8, 9, 0, 2, 3, 11, 7, 6, 1, 15], [9, 0, 15, 1, 10, 11, 7, 2, 13, 12, 8, 4, 5, 3, 6, 14], [5, 4, 10, 15, 11, 14, 1, 13, 9, 6, 0, 8, 7, 2, 3, 12], [8, 15, 11, 4, 10, 1, 6, 12, 14, 5, 0, 3, 9, 2, 13, 7]]
s_box 7
[[9, 11, 3, 10, 5, 2, 8, 6, 12, 13, 1, 7, 14, 4, 15, 0], [10, 7, 4, 1, 3, 6, 14, 12, 8, 5, 13, 0, 11, 15, 9, 2], [12, 6, 0, 13, 9, 10, 11, 15, 4, 14, 1, 3, 8, 5, 2, 7], [13, 1, 9, 6, 5, 2, 4, 11, 0, 12, 3, 7, 14, 10, 15, 8]]
	sbox version 1
s_box 0
[[8, 12, 14, 5, 2, 9, 10, 13, 11, 0, 15, 4, 1, 7, 6, 3], [6, 10, 15, 0, 3, 8, 14, 7, 9, 1, 2, 12, 13, 4, 11, 5], [15, 5, 1, 0, 14, 7, 9, 8, 10, 13, 4, 2, 6, 12, 3, 11], [15, 9, 10, 7, 8, 5, 4, 6, 11, 12, 0, 1, 14, 13, 3, 2]]
s_box 1
[[14, 9, 7, 13, 1, 5, 4, 12, 10, 8, 15, 3, 2, 6, 11, 0], [4, 5, 9, 3, 8, 15, 12, 10, 6, 0, 7, 13, 2, 1, 11, 14], [1, 10, 11, 0, 3, 2, 7, 5, 14, 6, 15, 8, 4, 9, 12, 13], [10, 5, 3, 8, 2, 15, 4, 1, 12, 13, 9, 6, 0, 14, 7, 11]]
s_box 2
[[9, 2, 8, 4, 1, 3, 14, 6, 7, 0, 5, 10, 11, 12, 13, 15], [5, 9, 12, 0, 6, 15, 10, 2, 4, 7, 14, 11, 8, 3, 1, 13], [13, 6, 2, 0, 12, 10, 14, 7, 9, 15, 4, 3, 11, 8, 1, 5], [6, 8, 15, 9, 10, 2, 13, 11, 14, 4, 0, 7, 1, 5, 3, 12]]
s_box 3
[[11, 13, 12, 0, 3, 6, 8, 10, 14, 1, 5, 2, 4, 7, 15, 9], [4, 5, 12, 3, 8, 9, 0, 11, 1, 6, 14, 10, 13, 2, 7, 15], [10, 1, 9, 3, 12, 2, 5, 15, 4, 11, 8, 13, 0, 6, 14, 7], [10, 1, 3, 4, 6, 7, 13, 5, 0, 11, 12, 2, 8, 15, 9, 14]]
s_box 4
[[12, 5, 1, 3, 9, 4, 2, 0, 8, 7, 13, 14, 6, 10, 11, 15], [11, 10, 13, 9, 7, 6, 14, 8, 2, 0, 1, 12, 5, 15, 4, 3], [4, 12, 14, 0, 9, 15, 11, 10, 13, 6, 2, 8, 7, 1, 5, 3], [4, 3, 8, 7, 14, 13, 1, 2, 0, 15, 12, 10, 11, 9, 5, 6]]
s_box 5
[[14, 0, 13, 5, 4, 11, 7, 12, 15, 8, 3, 1, 6, 9, 10, 2], [15, 12, 3, 0, 5, 13, 1, 14, 11, 2, 4, 6, 8, 9, 7, 10], [7, 13, 9, 5, 6, 4, 15, 2, 3, 11, 8, 1, 14, 12, 0, 10], [11, 10, 8, 12, 5, 3, 6, 9, 13, 7, 4, 2, 1, 14, 15, 0]]
s_box 6
[[6, 14, 15, 9, 3, 4, 5, 13, 12, 2, 0, 1, 11, 7, 8, 10], [0, 6, 15, 7, 14, 2, 5, 1, 13, 3, 8, 9, 11, 4, 10, 12], [15, 7, 6, 4, 5, 9, 12, 0, 2, 3, 8, 13, 10, 14, 1, 11], [12, 0, 1, 4, 9, 7, 6, 11, 14, 10, 8, 13, 5, 3, 15, 2]]
s_box 7
[[1, 12, 0, 14, 9, 6, 7, 15, 11, 5, 8, 10, 3, 4, 13, 2], [2, 4, 6, 5, 0, 12, 7, 11, 13, 14, 3, 8, 10, 1, 9, 15], [6, 3, 13, 15, 10, 12, 1, 7, 14, 0, 4, 11, 5, 9, 8, 2], [11, 1, 14, 15, 8, 2, 6, 9, 10, 3, 5, 12, 0, 7, 4, 13]]
